bans = {
2222413424,
3188530316,
969836976,
3295497744,
3188530316,
1572481882,
2445548502,
1816848194,
3500831342,
99685300,
3518789952,
1586462496,
1668481200,
3093878977,
2893680117,
1348596608,
3557261477,
2390016315,
2342806318,
2342806318,
449037639,
247539539,
3280769518,
1598064049,
1686180076,
2222393796,
3388336871,
2037669137,
2581527241,
2812633796,
2612668966,
2996497740,
2862785266,
3019775385,
3357430680,
1420807083,
1153349428,
2553610921,
1568502865,
3033420492,
3569303062,
1418836984,
3488904451,
3286897909,
3065849812,
2748373042,
2782836118,
1875416873,
383789803,
1998112882,
964125199,
702422962,
3389310277,
1403710548,
282007954,
2436248928,
496075021,
384405970,
1247290683,
3488904451,
3527964408,
2644807084,
2453695585,
2897207939,
3153124106,
1400383813,
2907133015,
185346505,
314987555,
1270185080,
641790538,
2725570531,
2693603422,
2359738810,
1526316454,
3541077608,
3019678809,
2241736222,
2505972398,
1546838028,
2045709708,
1538691698,
258042544,
1155921572,
1753933148,
1357880862,
285181020,
926774119,
2049973370,
264154086,
3010877864,
1829962383,
1438842229,
2032851204,
3412743318,
3343119741,
2782836118,
1523162713,
496075021,
1832815323,
2439627632,
3430116161,
199569553,
1146528625,
157107058,
258042544,
1987706783,
1727656909,
3561512931,
2366687182,
3232771676,
1727656909,
2759841855,
454076464,
2341660637,
3396005234,
1943719228,
1161114367,
3477752050,
2519836248,
2513770448,
964125199,
2851017546,
344936661,
2707346902,
2923594249,
1588507076,
1191975888,
2019589550,
1442379592,
1324651299,
2652279496,
2950607557,
2641228980,
3135947478,
2676065772,
2472204425,
1247290683,
2388092476,
1573297516,
264371690,
3436993340,
1612318656,
2875780720,
2783688632,
2476893367,
1756566169,
3307903765,
2729298250,
2665956568,
620468473,
1304043313,
2531599018,
145321878,
1740726406,
1218881703,
3353509972,
162496178,
3119929102,
839965893,
1533120854,
3562523806,
2472204425,
299068714,
2364043100,
1911482704,
3519228440,
404913817,
3152579999,
1306623093,
2542566028,
15175831,
2658431478,
641790538,
1897539323,
59328905773,
3199196153,
2576904200,
3113174758,
1937415323,
3054142786,
3480312205,
2004072717,
2782836118,
3156707782,
2734482832,
2274313836,
3156707782,
1699405011,
3383450614,
242503044,
3451360610,
2600268357,
256265639,
3368844388,
1361716564,
1367304726,
3292739411,
1230825456,
268833461,
2255439757,
3488937545,
2868922169,
3048889730,
309932531,
550964429,
2747375965,
1475731238,
2761335977,
394299904,
3459363417,
99685300,
394299904,
2359399643,
3057370699,
3118636762,
2968662448,
3065849812,
2543020511,
3545905373,
3422327507,
2556323208,
571138942,
3450783748,
3015266125,
471801375,
1188777339,
2799428755,
2479083649,
2659689033,
2366164731,
1566692617,
186011228,
1459669914,
2518439386,
1962623565,
300498866,
1803789115,
3576603930,
3176046906,
3096026261,
868475793,
2967487235,
1462301484,
1524510997,
2998186245,
3317387449,
3198226547,
357566116,
2612557983,
2281797683,
202776053,
3512385421,
2453813411,
3564547495,
70360718,
707672701,
1642117688,
245907481,
684954252,
2502114769,
2453695585,
3265080160,
357566116,
3265080160,
1444108956,
1984691972
}
return bans
